100 100
90 33
97 81
35 97
61 6
90 60
11 5
52 15
69 95
60 37
6 75
53 7
87 9
4 2
10 36
64 7
95 22
81 87
3 6
31 86
99 1
45 30
3 24
14 24
89 36
85 84
49 9
79 10
16 70
47 57
16 88
17 53
90 37
79 46
27 8
90 46
63 29
92 74
28 80
63 47
9 76
42 82
64 2
62 87
39 85
34 16
79 5
43 82
66 84
70 45
67 58
82 19
16 83
88 99
57 93
21 18
92 69
27 79
81 59
50 90
21 54
62 73
64 15
22 18
4 68
43 59
24 55
87 93
86 48
7 2
18 11
65 83
71 32
63 28
77 75
49 93
77 84
69 80
7 96
58 80
73 41
27 83
25 19
74 33
85 42
12 67
22 13
12 76
20 89
89 21
51 67
87 97
98 8
90 13
5 36
36 51
47 51
61 53
94 86
93 32
73 63
32 31
74 46
95 78
31 84
32 49
28 15
68 60
100 40
17 33
3 98
21 12
18 86
26 99
85 5
74 5
8 69
20 43
91 94
60 88
0 83
12 48
13 13
85 41
31 70
4 53
25 94
77 24
49 69
69 47
40 11
62 8
80 56
81 39
83 67
91 89
24 8
96 33
95 77
33 93
2 96
77 19
99 65
56 94
86 95
78 100
26 71
6 13
8 32
38 82
90 83
61 47
18 94
60 69
0 64
39 46
40 100
75 76
20 51
32 16
60 87
41 83
75 85
43 25
87 59
84 72
34 53
1 37
22 69
3 65
38 32
22 78
69 10
46 54
38 50
58 37
98 73
90 69
59 100
73 7
19 36
0 32
91 52
30 45
20 10
90 96
11 50
48 99
83 66
31 28
66 13
43 11
96 41
14 78
97 94
59 86
26 70
42 33
54 7
79 91
39 18
43 6
96 9
75 75
72 51
44 69
2 63
88 14
76 12
22 50
34 52
22 68
2 99
92 11
37 75
68 53
38 49
97 98
30 8
89 94
59 90
71 55
73 6
19 44
0 40
12 5
52 77
93 78
99 9
1 13
65 16
22 45
46 12
49 17
97 75
38 35
26 42
71 41
78 89
17 70
11 8
91 37
75 38
95 16
87 30
87 39
54 100
85 78
15 1
68 25
92 1
47 60
80 8
67 75
71 36
28 65
19 7
79 58
63 41
48 52
28 83
11 12
84 11
53 5
44 36
45 1
22 26
2 66
68 11
89 61
1 88
35 99
48 29
8 2
8 11
82 58
75 19
41 17
6 77
31 97
84 100
7 14
47 68
28 64
75 14
60 34
53 4
43 48
78 15
67 15
32 48
20 92
57 1
89 33
79 7
59 38
76 81
48 10
16 76
28 41
63 17
71 39
60 2
94 13
69 87
92 89
93 35
42 97
74 40
25 35
14 7
43 52
85 67
79 11
24 75
76 76
47 40
1 82
17 45
77 68
80 64
61 60
62 34
19 72
41 20
93 21
42 92
81 74
39 68
85 35
32 56
87 90
90 15
63 7
46 94
26 88
40 32
61 64
69 77
93 7
39 45
73 47
31 50
12 55
47 3
23 82
64 83
13 47
77 31
37 93
28 35
6 7
100 60
50 41
29 18
83 83
84 57
95 57
35 15
43 28
4 55
55 2
53 69
45 74
53 87
77 35
80 31
48 8
9 35
98 85
80 67
79 99
39 26
50 63
31 22
12 18
31 31
54 33
94 87
35 10
87 48
66 25
95 79
99 40
64 91
34 96
7 51
14 99
49 66
98 80
81 9
15 73
21 4
18 69
8 34
0 30
73 14
39 21
20 17
27 65
0 57
21 89
24 5
44 72
95 65
53 59
69 3
56 82
77 25
38 43
46 65
42 22
50 35
47 100
73 9
94 41
7 82
48 83
8 56
82 94
12 17
29 97
52 80
13 9
4 40
35 18
10 83
76 28
33 94
68 24
25 90
77 20
15 54
50 21
48 69
71 71
30 42
9 96
20 25
21 79
29 92
75 77
2 74
33 89
85 90
86 55
86 64
65 41
49 24
80 2
38 33
78 78
7 36
98 56
19 1
26 49
98 65
70 83
98 74
47 90
9 82
83 31
39 6
83 49
53 26
53 35
57 5
66 81
26 17
59 60
98 42
90 38
69 15
55 89
8 14
90 65
0 19
94 35
11 28
75 31
64 3
84 27
73 79
41 56
44 61
44 70
57 0
51 87
97 54
32 83
